8.448491834744695339e+00
8.251161003895134627e+00
4.345858789384904330e-01
4.015504869943823607e+00
6.503079003617493470e+00
7.646628268198822909e+00
2.553304586568911905e+00
7.992146578387252731e+00
8.128281358470990092e-01
6.681671496118434028e+00
1.608428013766595166e+00
2.803241339846974434e+00
1.836134963852742441e-01
4.392160269258599925e+00
9.814804700822048034e+00
7.873325584079967854e+00
1.710826560668493590e+00
9.558728003582345423e+00
9.234131477559626155e-01
8.118592450264669580e+00
7.158471826448686848e+00
2.282736367910213282e+00
2.565966239569938967e+00
5.981418246004293060e+00
1.353922402172917927e+00
8.262131180476380621e+00
4.355342797680740397e+00
7.748569855114332938e+00
5.553481564447945829e+00
5.618354410564696533e-01
9.532325517823526440e+00
9.076926755089269605e+00
2.985320298776150683e+00
1.257280307230647098e+00
7.386048443018903953e+00
8.869439864086625658e-01
8.263259331627644144e+00
2.253312130790851242e+00
9.465153111788332296e+00
7.988593808084297976e+00
1.826232452563177899e+00
1.552261893816916372e+00
6.730592390386868296e+00
8.973044809239070219e+00
2.067421309807416563e+00
2.750313865197889562e+00
1.252038649511066914e-02
5.005578959556631347e+00
6.788202663847519247e+00
2.534111727790117286e+00
8.012701152591015230e+00
9.687790205301837432e+00
4.660345755639547782e+00
4.439268065317559575e+00
6.086966746070856971e+00
4.807329442695086108e+00
2.905919208582693258e+00
7.072513127516816489e+00
9.537803128087675830e+00
7.203798728013952157e+00
4.978281250743855857e+00
5.624478276870055637e+00
9.138864234164746136e+00
4.577970908532859262e+00
1.189745081554942630e+00
6.733163734416515389e+00
2.884938057600880956e+00
3.823013756831898036e+00
6.442481631501336459e+00
6.659810731592573418e+00
8.293374817461934612e+00
7.448826505236208817e+00
9.971846160183119423e+00
1.528542876793957950e+00
2.570451427204860639e+00
3.965125564140088432e+00
9.628907246865708203e+00
5.237383121519474827e+00
8.096323453816360427e+00
5.492182567120344139e+00
6.381637103058527494e+00
7.495790942115310163e-01
4.380111308070682163e+00
3.486851977602707375e+00
5.230194538936427939e+00
9.471760020211997144e+00
1.629703522422328854e+00
7.762041766677082677e+00
3.007924482033306202e+00
1.657239723647818685e+00
9.751678691213395922e+00
5.514450986772626351e+00
7.352083303060879871e+00
2.694395076830211622e+00
5.050349373082974047e-01
4.807184328777003302e+00
1.858764308205929083e-01
9.957126655240363888e+00
4.440919785202160242e+00
9.336198406555148210e+00
